4.2,-0.8715757724135882
4.21,-0.8764347204918014
4.22,-0.8812060258283253
4.23,-0.8858892112966027
4.24,-0.8904838085819885
4.25,-0.8949893582285835
4.26,-0.8994054096851777
4.27,-0.9037315213503053
4.28,-0.9079672606164054
4.29,-0.9121122039130803
4.3,-0.9161659367494549
4.31,-0.9201280537556237
4.32,-0.9239981587231879
4.33,-0.9277758646448755
4.34,-0.9314607937532425
4.35,-0.9350525775584491
4.36,-0.9385508568851079
4.37,-0.941955281908201
4.38,-0.9452655121880633
4.39,-0.9484812167044256
4.4,-0.9516020738895161
4.41,-0.9546277716602164
4.42,-0.9575580074492711
4.43,-0.9603924882355434
4.44,-0.9631309305733167
4.45,-0.9657730606206388
4.46,-0.9683186141667072
4.47,-0.9707673366582883
4.48,-0.9731189832251739
4.49,-0.9753733187046665
4.5,-0.977530117665097
4.51,-0.9795891644283669
4.52,-0.9815502530915153
4.53,-0.9834131875473108
4.54,-0.9851777815038595
4.55,-0.9868438585032365
4.56,-0.9884112519391305
4.57,-0.9898798050735039
4.58,-0.991249371052267
4.59,-0.9925198129199632
4.6,-0.9936910036334644
4.61,-0.9947628260746756
4.62,-0.9957351730622453
4.63,-0.9966079473622855
4.64,-0.9973810616980933
4.65,-0.9980544387588794
4.66,-0.9986280112074989
4.67,-0.9991017216871848
4.68,-0.999475522827284
4.69,-0.999749377247994
4.7,-0.9999232575641008
4.71,-0.999997146387718
